ArraySize	Hit%	Miss%	AvgTime_us	AvgIndexFound *** for trials = 3000 *** 
1000	32.70	67.30	2.37	400.41
2000	31.13	68.87	3.87	854.68
3000	31.13	68.87	5.01	1264.07
4000	33.63	66.37	5.56	1603.57
5000	31.30	68.70	6.47	2074.37
6000	30.47	69.53	7.36	2510.65
7000	31.70	68.30	8.25	2935.91
8000	31.30	68.70	9.43	3377.36
9000	32.27	67.73	10.49	3742.01
10000	31.33	68.67	11.59	4099.24
11000	31.80	68.20	13.30	4709.73
12000	30.60	69.40	14.27	4984.99
13000	31.93	68.07	15.27	5462.43
14000	31.13	68.87	16.14	5693.08
15000	29.23	70.77	17.85	6279.94
16000	32.70	67.30	18.49	6995.56
17000	31.70	68.30	19.86	7060.76
18000	30.97	69.03	21.28	7525.97
19000	33.70	66.30	22.12	8122.89
20000	31.23	68.77	23.53	8568.45
21000	32.40	67.60	24.80	8996.30
22000	31.93	68.07	25.50	9079.13
23000	30.70	69.30	27.37	9694.32
24000	31.73	68.27	28.91	10314.06
25000	31.67	68.33	29.78	10703.37
26000	30.23	69.77	31.10	10653.78
27000	29.40	70.60	32.50	11083.08
28000	31.30	68.70	32.97	11923.91
29000	33.40	66.60	33.79	12231.32
30000	31.00	69.00	35.81	12642.24
31000	31.10	68.90	39.72	13230.17
32000	31.17	68.83	39.73	13413.89
33000	33.37	66.63	39.33	13872.49
34000	33.90	66.10	43.02	14305.84
35000	32.13	67.87	44.26	14417.45
36000	32.23	67.77	45.41	15435.52
37000	31.77	68.23	47.22	15341.92
38000	31.73	68.27	47.99	15949.99
39000	32.40	67.60	50.92	16228.87
40000	31.23	68.77	52.34	16325.14
41000	31.70	68.30	54.22	17587.27
42000	32.33	67.67	51.36	17407.10
43000	31.77	68.23	52.95	17811.93
44000	32.03	67.97	54.29	18212.30
45000	30.77	69.23	56.59	18679.36
46000	30.80	69.20	57.43	19540.75
47000	33.10	66.90	56.84	19815.08
48000	31.83	68.17	58.00	20201.92
49000	30.07	69.93	59.93	20863.46
50000	31.60	68.40	60.26	21369.87
51000	30.63	69.37	61.33	21424.26
52000	30.13	69.87	66.98	20963.55
53000	31.73	68.27	65.66	22074.95
54000	31.83	68.17	66.36	22040.57
55000	31.13	68.87	66.95	22570.06
56000	30.23	69.77	69.14	22679.13
57000	30.93	69.07	69.32	23704.90
58000	29.30	70.70	73.16	24374.38
59000	30.30	69.70	72.86	24440.98
60000	31.17	68.83	74.23	25003.89
61000	30.13	69.87	74.52	26032.20
62000	31.67	68.33	75.47	26811.60
63000	31.73	68.27	77.68	26874.18
64000	30.53	69.47	79.44	26736.12
65000	31.07	68.93	80.25	26912.65
66000	31.93	68.07	80.36	27489.83
67000	32.33	67.67	82.16	27760.01
68000	31.23	68.77	83.83	28309.83
69000	32.13	67.87	87.02	29341.04
70000	32.60	67.40	85.46	29689.99
71000	31.33	68.67	87.33	29599.95
72000	30.10	69.90	89.20	30034.68
73000	32.67	67.33	89.66	30048.05
74000	31.60	68.40	89.91	29980.90
75000	31.23	68.77	91.87	31678.00
76000	30.13	69.87	93.77	30656.67
77000	31.60	68.40	94.94	32682.71
78000	30.93	69.07	113.56	32775.09
79000	30.73	69.27	100.97	33083.78
80000	31.13	68.87	98.96	32736.98
81000	32.57	67.43	99.61	34321.41
82000	30.57	69.43	102.53	36174.14
83000	30.30	69.70	109.04	35458.68
84000	30.43	69.57	104.92	35224.09
85000	31.27	68.73	104.62	35498.46
86000	30.97	69.03	105.33	36133.37
87000	31.80	68.20	106.62	35710.13
88000	32.40	67.60	108.40	37218.82
89000	33.33	66.67	107.38	35663.18
90000	31.90	68.10	110.59	38601.78
91000	32.40	67.60	110.07	37509.38
92000	30.97	69.03	112.73	37137.27
93000	31.50	68.50	113.63	38056.77
94000	32.60	67.40	113.89	39052.24
95000	30.93	69.07	117.01	38503.88
96000	31.53	68.47	117.80	39866.10
97000	32.87	67.13	119.15	40137.16
98000	31.23	68.77	121.53	41769.42
99000	31.33	68.67	120.56	39906.07
100000	32.60	67.40	122.86	42530.91
101000	31.87	68.13	124.01	42258.73
102000	32.40	67.60	124.43	42412.93
103000	32.93	67.07	125.53	43951.06
104000	32.77	67.23	123.94	42762.56
105000	32.13	67.87	127.09	44726.59
106000	31.07	68.93	129.59	43184.65
107000	30.97	69.03	134.85	45725.51
108000	30.73	69.27	134.85	45977.49
109000	31.37	68.63	135.97	44768.37
110000	31.67	68.33	135.90	44941.50
111000	32.00	68.00	138.19	47057.04
112000	32.50	67.50	137.95	46766.60
113000	31.87	68.13	140.19	46660.57
114000	32.17	67.83	142.08	48006.69
115000	31.70	68.30	142.21	47039.94
116000	32.60	67.40	143.35	48042.24
117000	32.27	67.73	144.99	48912.02
118000	31.23	68.77	148.04	50469.84
119000	31.37	68.63	150.39	48875.67
120000	33.03	66.97	148.27	50967.88
121000	30.47	69.53	164.99	50885.76
122000	32.13	67.87	152.49	51067.85
123000	33.57	66.43	152.99	51600.49
124000	31.50	68.50	154.84	51018.98
125000	31.13	68.87	156.44	51602.72
126000	32.83	67.17	155.81	52429.44
127000	29.13	70.87	161.46	53470.20
128000	30.87	69.13	160.72	53397.03
129000	30.17	69.83	162.99	54541.96
130000	31.73	68.27	161.83	53472.79
131000	32.10	67.90	162.83	54483.50
132000	32.10	67.90	164.41	55142.66
133000	31.77	68.23	169.98	55337.25
134000	32.70	67.30	169.16	57755.89
135000	31.00	69.00	174.91	57291.46
136000	31.90	68.10	185.77	55895.50
137000	30.37	69.63	174.66	55960.58
138000	31.00	69.00	176.26	57440.38
139000	32.33	67.67	181.35	59151.11
140000	32.23	67.77	175.69	58477.19
141000	31.67	68.33	177.34	58506.86
142000	31.63	68.37	179.38	60819.01
143000	30.73	69.27	181.65	60377.04
144000	31.93	68.07	181.99	61205.22
145000	32.57	67.43	181.03	60926.68
146000	31.47	68.53	184.48	61909.82
147000	31.77	68.23	184.81	58382.25
148000	32.50	67.50	195.03	61965.54
149000	31.33	68.67	192.96	60626.71
150000	31.87	68.13	193.55	63637.48
151000	31.77	68.23	193.39	61205.44
152000	30.97	69.03	194.69	61834.30
153000	30.73	69.27	197.23	64840.62
154000	31.63	68.37	195.47	63349.86
155000	33.77	66.23	194.32	64604.77
156000	33.47	66.53	197.13	65625.52
157000	31.77	68.23	198.70	66409.12
158000	31.43	68.57	200.87	66728.47
159000	32.80	67.20	198.92	66384.65
160000	30.87	69.13	203.24	68904.68
161000	31.83	68.17	202.13	67508.51
162000	30.13	69.87	211.36	67623.41
163000	31.13	68.87	230.96	68674.48
164000	31.47	68.53	213.06	68283.69
165000	29.90	70.10	214.09	70436.60
166000	32.63	67.37	206.89	68527.50
167000	30.23	69.77	211.91	69301.72
168000	32.33	67.67	211.48	72780.43
169000	31.20	68.80	219.24	70300.16
170000	31.17	68.83	221.66	69467.08
171000	31.00	69.00	222.61	70936.42
172000	31.73	68.27	220.50	70343.05
173000	32.37	67.63	223.38	71776.85
174000	31.13	68.87	225.16	74946.94
175000	31.50	68.50	223.00	71787.54
176000	31.13	68.87	221.53	72531.67
177000	31.60	68.40	232.08	76946.30
178000	30.00	70.00	231.26	73809.85
179000	31.67	68.33	225.84	73138.22
180000	33.07	66.93	225.41	76262.80
181000	31.30	68.70	229.86	77523.00
182000	31.17	68.83	230.50	77048.85
183000	32.07	67.93	250.29	75377.85
184000	31.93	68.07	233.74	74362.10
185000	32.23	67.77	235.38	75560.20
186000	32.80	67.20	229.74	78587.44
187000	29.87	70.13	235.20	78609.52
188000	31.37	68.63	233.88	77321.35
189000	32.00	68.00	234.19	78985.61
190000	31.50	68.50	237.12	76341.03
191000	32.33	67.67	236.62	79076.45
192000	30.80	69.20	241.01	82761.74
193000	32.07	67.93	240.54	83862.81
194000	32.67	67.33	242.94	82600.65
195000	31.37	68.63	244.14	83780.15
196000	31.57	68.43	244.32	81946.13
197000	32.53	67.47	245.06	81492.76
198000	31.60	68.40	245.40	79702.04
199000	32.60	67.40	248.31	85864.00
200000	30.47	69.53	254.02	83882.49
201000	32.23	67.77	251.79	87927.89
202000	33.20	66.80	252.14	84101.56
203000	31.33	68.67	253.19	83740.96
204000	31.03	68.97	255.06	85489.46
205000	31.37	68.63	259.05	84979.86
206000	31.63	68.37	258.77	85969.79
207000	31.70	68.30	262.50	87345.03
208000	31.77	68.23	264.84	89599.44
209000	31.97	68.03	265.04	90095.20
210000	32.63	67.37	266.15	89944.77
211000	32.50	67.50	265.32	87610.37
212000	31.70	68.30	269.26	89818.08
213000	31.73	68.27	268.82	89166.80
214000	31.77	68.23	267.66	91944.93
215000	31.40	68.60	268.61	89205.74
216000	30.93	69.07	270.17	88867.57
217000	31.07	68.93	298.17	95276.04
218000	32.17	67.83	276.06	90848.13
219000	31.17	68.83	279.93	90631.33
220000	32.07	67.93	279.95	88980.81
221000	30.53	69.47	283.50	91919.44
222000	30.40	69.60	291.88	94498.91
223000	32.13	67.87	280.42	93659.79
224000	31.13	68.87	281.76	93220.51
225000	31.40	68.60	280.10	94113.15
226000	30.20	69.80	284.50	95162.34
227000	31.83	68.17	281.61	93935.38
228000	31.23	68.77	283.44	93420.99
229000	31.60	68.40	288.08	94991.89
230000	31.63	68.37	297.23	96456.04
231000	32.20	67.80	291.59	98141.25
232000	30.03	69.97	293.12	97099.44
233000	31.97	68.03	289.22	96638.40
234000	32.17	67.83	291.54	99469.15
235000	33.10	66.90	290.51	99977.64
236000	30.30	69.70	297.19	98375.34
237000	30.97	69.03	295.72	97171.54
238000	31.00	69.00	298.23	98657.48
239000	31.70	68.30	295.53	97163.87
240000	33.83	66.17	295.21	101610.00
241000	30.07	69.93	308.59	102189.07
242000	31.50	68.50	306.93	101494.07
243000	32.10	67.90	306.83	103796.06
244000	31.70	68.30	304.54	102745.08
245000	32.90	67.10	301.14	100485.80
246000	32.53	67.47	304.79	104942.54
247000	32.67	67.33	305.98	103855.02
248000	30.33	69.67	311.78	102614.36
249000	32.90	67.10	304.89	101359.73
250000	33.13	66.87	306.84	102694.45
251000	32.13	67.87	311.68	105533.58
252000	30.37	69.63	318.68	108802.65
253000	33.10	66.90	311.42	105433.23
254000	31.53	68.47	316.61	106083.64
255000	33.47	66.53	313.37	102662.57
256000	31.23	68.77	320.84	106446.96
257000	30.80	69.20	322.37	105321.87
258000	31.30	68.70	324.07	103690.37
259000	31.90	68.10	328.03	109297.16
260000	31.17	68.83	332.38	109394.74
261000	31.03	68.97	336.20	107578.99
262000	31.47	68.53	325.84	104716.75
263000	31.83	68.17	327.54	109091.93
264000	31.50	68.50	328.94	110287.38
265000	32.50	67.50	327.23	107718.75
266000	30.03	69.97	343.01	108644.98
267000	30.20	69.80	342.31	112651.63
268000	30.77	69.23	347.30	116083.78
269000	31.20	68.80	343.50	111614.05
270000	31.03	68.97	352.96	110643.17
271000	31.87	68.13	339.84	111341.12
272000	31.13	68.87	339.59	109555.27
273000	30.63	69.37	344.12	118185.98
274000	30.73	69.27	352.21	114684.20
275000	31.03	68.97	350.98	112532.34
276000	32.00	68.00	347.21	111377.36
277000	31.47	68.53	347.25	114990.77
278000	31.80	68.20	345.40	112808.04
279000	30.63	69.37	361.51	118122.54
280000	32.20	67.80	355.87	120870.90
281000	31.33	68.67	358.05	115618.39
282000	31.53	68.47	354.24	116692.47
283000	30.97	69.03	358.28	121273.60
284000	30.97	69.03	359.36	118032.95
285000	31.37	68.63	379.78	116816.96
286000	32.10	67.90	384.43	117084.11
287000	32.83	67.17	361.05	121316.25
288000	31.40	68.60	361.40	121339.56
289000	30.90	69.10	369.14	121308.56
290000	30.70	69.30	368.50	123654.20
291000	31.40	68.60	365.04	122669.50
292000	31.50	68.50	364.10	119148.65
293000	31.47	68.53	365.14	120536.33
294000	31.27	68.73	369.42	125775.06
295000	30.70	69.30	375.30	125986.13
296000	31.53	68.47	368.99	125198.47
297000	31.10	68.90	370.66	119468.70
298000	32.53	67.47	371.44	127495.07
299000	30.97	69.03	375.86	124739.33
300000	33.70	66.30	368.56	124855.72
301000	32.83	67.17	372.22	127742.61
302000	31.30	68.70	378.98	126656.10
303000	31.20	68.80	379.50	127793.69
304000	32.27	67.73	377.41	125393.54
305000	32.73	67.27	377.66	127717.91
306000	30.90	69.10	387.08	132878.05
307000	31.43	68.57	382.53	126698.76
308000	31.50	68.50	386.35	131054.17
309000	32.37	67.63	384.21	128745.36
310000	31.10	68.90	387.54	124434.15
311000	31.83	68.17	386.53	127794.17
312000	30.97	69.03	391.06	128804.67
313000	33.07	66.93	390.18	136157.65
314000	31.00	69.00	394.12	130358.04
315000	31.90	68.10	393.48	128081.58
316000	31.17	68.83	406.31	136490.44
317000	32.83	67.17	398.30	127294.07
318000	32.13	67.87	423.40	131532.03
319000	32.10	67.90	401.32	132019.29
320000	31.40	68.60	419.21	136113.86
321000	31.30	68.70	413.27	128557.12
322000	32.13	67.87	406.95	129886.96
323000	31.33	68.67	415.27	133714.11
324000	30.97	69.03	416.92	135104.82
325000	32.00	68.00	435.66	129815.22
326000	30.93	69.07	409.38	133642.41
327000	31.13	68.87	409.57	133697.16
328000	32.93	67.07	415.39	135149.92
329000	32.30	67.70	417.38	133404.78
330000	32.70	67.30	422.48	139652.76
331000	31.87	68.13	411.75	132918.80
332000	31.70	68.30	423.06	138968.33
333000	32.20	67.80	427.64	136647.97
334000	29.80	70.20	425.90	135362.97
335000	31.10	68.90	428.11	140039.73
336000	31.30	68.70	430.44	138669.37
337000	32.23	67.77	427.67	139040.74
338000	32.80	67.20	420.89	140450.72
339000	32.13	67.87	428.49	147885.84
340000	31.33	68.67	427.61	139991.71
341000	31.43	68.57	431.35	145923.04
342000	31.33	68.67	430.13	143224.72
343000	30.87	69.13	431.90	145371.86
344000	32.10	67.90	429.15	143298.66
345000	31.60	68.40	432.92	143343.74
346000	30.63	69.37	434.12	143730.70
347000	31.77	68.23	434.25	146582.60
348000	32.73	67.27	428.84	141923.87
349000	29.97	70.03	445.62	143288.86
350000	31.97	68.03	437.88	147163.35
351000	30.17	69.83	443.97	148252.88
352000	33.30	66.70	442.10	145077.86
353000	31.33	68.67	451.49	147524.90
354000	31.10	68.90	444.74	148155.59
355000	31.70	68.30	451.06	151203.24
356000	31.00	69.00	452.82	150742.37
357000	31.47	68.53	448.60	151795.97
358000	33.70	66.30	439.68	149253.86
359000	32.67	67.33	451.69	152837.77
360000	30.33	69.67	457.49	149154.74
361000	32.00	68.00	458.06	151837.31
362000	31.40	68.60	453.54	151295.55
363000	32.27	67.73	453.95	156131.25
364000	31.50	68.50	456.13	151752.50
365000	33.53	66.47	452.05	157713.16
366000	31.97	68.03	468.37	158071.60
367000	30.37	69.63	470.50	155417.50
368000	31.53	68.47	468.46	160697.15
369000	31.63	68.37	465.20	162398.15
370000	32.60	67.40	458.91	153264.71
371000	31.00	69.00	466.59	157263.38
372000	32.50	67.50	469.57	163810.61
373000	32.00	68.00	474.87	152648.65
374000	30.83	69.17	476.64	155445.37
375000	30.87	69.13	473.91	160916.83
376000	31.53	68.47	471.55	158748.65
377000	30.97	69.03	469.68	149295.15
378000	29.87	70.13	480.40	158784.86
379000	30.30	69.70	475.29	154296.28
380000	30.77	69.23	483.02	156370.38
381000	31.63	68.37	482.56	164159.58
382000	31.33	68.67	482.50	162336.70
383000	33.30	66.70	470.82	155916.53
384000	30.47	69.53	487.53	164247.45
385000	33.07	66.93	478.67	159317.66
386000	32.30	67.70	484.13	162982.06
387000	31.60	68.40	491.55	158103.47
388000	32.23	67.77	484.43	162798.54
389000	33.10	66.90	486.14	160524.75
390000	31.97	68.03	488.41	162889.14
391000	30.73	69.27	493.14	163675.02
392000	31.90	68.10	489.42	164689.60
393000	31.27	68.73	492.73	158470.30
394000	30.40	69.60	497.40	163514.39
395000	31.10	68.90	494.08	162890.86
396000	30.43	69.57	500.44	166298.26
397000	31.60	68.40	500.80	164962.67
398000	32.60	67.40	498.93	163105.04
399000	31.37	68.63	509.86	163416.18
400000	32.43	67.57	500.71	162712.33
401000	33.03	66.97	499.60	164550.71
402000	31.50	68.50	504.60	158188.99
403000	31.40	68.60	506.70	167615.92
404000	30.97	69.03	511.70	169413.91
405000	32.63	67.37	511.94	169606.56
406000	30.53	69.47	510.71	167999.22
407000	31.33	68.67	511.68	172588.59
408000	32.67	67.33	505.46	168525.19
409000	30.63	69.37	509.73	162850.81
410000	31.77	68.23	513.10	171860.37
411000	29.93	70.07	528.25	168697.78
412000	31.23	68.77	518.46	174645.55
413000	31.53	68.47	531.71	178721.95
414000	31.77	68.23	520.15	175948.78
415000	30.90	69.10	528.63	172935.78
416000	29.80	70.20	528.48	171265.55
417000	31.23	68.77	524.97	172690.41
418000	31.57	68.43	531.78	185002.40
419000	31.30	68.70	551.00	178588.29
420000	31.13	68.87	527.91	172710.92
421000	29.77	70.23	538.65	175776.97
422000	30.03	69.97	532.14	168301.10
423000	31.77	68.23	552.78	173779.41
424000	31.33	68.67	535.13	179682.79
425000	31.93	68.07	541.23	177451.36
426000	32.83	67.17	528.03	177501.90
427000	31.50	68.50	532.77	174798.17
428000	31.87	68.13	537.74	184759.34
429000	30.93	69.07	541.82	182482.79
430000	32.23	67.77	545.68	178846.71
431000	30.57	69.43	545.09	186326.40
432000	32.70	67.30	535.69	178284.51
433000	32.13	67.87	537.90	175865.20
434000	31.10	68.90	548.30	183090.78
435000	30.27	69.73	550.99	175468.33
436000	30.57	69.43	557.29	190061.88
437000	30.30	69.70	555.39	181192.29
438000	32.57	67.43	549.35	184149.63
439000	31.73	68.27	552.99	183264.76
440000	32.37	67.63	553.58	187466.23
441000	31.90	68.10	555.44	183112.26
442000	31.40	68.60	557.69	181803.28
443000	33.23	66.77	550.47	181529.83
444000	31.70	68.30	563.91	191564.91
445000	32.17	67.83	563.57	184224.25
446000	31.57	68.43	562.69	185357.19
447000	32.87	67.13	560.43	187308.58
448000	31.10	68.90	563.41	182250.79
449000	30.80	69.20	572.04	191430.34
450000	31.97	68.03	564.41	184290.02
451000	32.37	67.63	563.86	184002.14
452000	31.93	68.07	570.98	187127.07
453000	32.47	67.53	569.39	188960.70
454000	30.27	69.73	579.04	185601.51
455000	30.67	69.33	583.10	196011.99
456000	29.70	70.30	587.43	189064.02
457000	32.10	67.90	576.87	190033.36
458000	32.47	67.53	577.87	195972.36
459000	32.20	67.80	578.14	191186.37
460000	32.83	67.17	577.71	192054.58
461000	32.10	67.90	583.64	197078.40
462000	30.87	69.13	587.10	192191.82
463000	31.17	68.83	581.69	183706.68
464000	31.70	68.30	586.88	195413.53
465000	31.27	68.73	591.68	197360.94
466000	31.30	68.70	596.08	204343.90
467000	30.57	69.43	592.37	191046.86
468000	30.60	69.40	601.10	204338.74
469000	32.43	67.57	592.02	197096.42
470000	30.47	69.53	612.82	196675.58
471000	31.60	68.40	616.52	197719.85
472000	30.80	69.20	614.92	198356.08
473000	31.83	68.17	600.40	195981.15
474000	30.77	69.23	616.06	198278.14
475000	32.37	67.63	598.39	192875.09
476000	30.57	69.43	611.42	200651.99
477000	32.73	67.27	598.81	197583.86
478000	31.70	68.30	604.03	203143.88
479000	31.23	68.77	608.31	201210.32
480000	31.17	68.83	606.89	197162.60
481000	32.73	67.27	605.43	205618.86
482000	31.30	68.70	607.32	193589.43
483000	32.20	67.80	606.40	205677.71
484000	31.17	68.83	615.55	204606.14
485000	29.17	70.83	625.58	201638.36
486000	31.03	68.97	618.14	203612.19
487000	31.57	68.43	616.24	201684.70
488000	31.60	68.40	613.01	195445.42
489000	32.43	67.57	613.95	205054.20
490000	31.53	68.47	618.30	201021.24
491000	30.83	69.17	624.12	203965.66
492000	31.03	68.97	625.19	207021.82
493000	31.57	68.43	622.40	205286.06
494000	29.60	70.40	637.21	204841.84
495000	30.23	69.77	649.85	204857.35
496000	31.80	68.20	635.25	201450.60
497000	31.80	68.20	631.10	199803.85
498000	31.90	68.10	627.41	207745.92
499000	32.07	67.93	626.78	205501.23
500000	31.50	68.50	634.86	210326.98
